tmp
ncols 886
nrows 691
xllcenter 112.0000
yllcenter -44.5000
cellsize 0.0500
nodata_value -99.9900
[rows 442 to 475 of 691, columns 308 to 384 of 886]
28.88 28.83 28.77 28.71 28.69 28.64 28.61 28.57 28.54 28.55 28.58 28.57 28.56 28.55 28.55 28.56 28.56 28.57 28.57 28.59 28.60 28.60 28.59 28.57 28.52 28.46 28.39 28.32 28.25 28.17 28.10 28.02 27.94 27.86 27.78 27.68 27.58 27.45 27.30 27.14 26.97 26.80 26.63 26.46 26.29 26.12 25.95 25.79 25.62 25.47 25.30 25.15 24.99 24.84 24.69 24.53 24.38 24.23 24.07 23.92 23.76 23.61 23.46 23.30 23.15 23.01 22.86 22.72 22.58 22.45 22.32 22.19 22.07 21.96 21.85 21.74 21.64
28.83 28.78 28.71 28.67 28.57 28.55 28.64 28.60 28.57 28.55 28.52 28.51 28.49 28.48 28.47 28.46 28.45 28.46 28.46 28.46 28.47 28.46 28.45 28.44 28.42 28.39 28.32 28.26 28.19 28.11 28.04 27.95 27.87 27.79 27.69 27.57 27.44 27.29 27.14 26.98 26.82 26.66 26.50 26.34 26.17 26.01 25.85 25.68 25.53 25.38 25.22 25.06 24.91 24.76 24.61 24.46 24.31 24.15 24.00 23.85 23.70 23.55 23.40 23.25 23.10 22.96 22.82 22.67 22.54 22.41 22.27 22.15 22.04 21.92 21.81 21.70 21.60
28.77 28.70 28.71 28.72 28.68 28.62 28.58 28.55 28.51 28.48 28.46 28.43 28.42 28.39 28.39 28.37 28.36 28.36 28.35 28.34 28.34 28.32 28.31 28.29 28.27 28.23 28.19 28.14 28.08 28.02 27.93 27.85 27.75 27.65 27.53 27.40 27.27 27.13 26.99 26.83 26.68 26.52 26.37 26.20 26.05 25.90 25.73 25.58 25.43 25.28 25.12 24.98 24.83 24.68 24.53 24.38 24.23 24.08 23.93 23.79 23.64 23.48 23.34 23.19 23.05 22.90 22.76 22.62 22.49 22.35 22.23 22.11 21.98 21.87 21.75 21.65 21.54
28.86 28.79 28.73 28.67 28.62 28.58 28.54 28.49 28.46 28.43 28.39 28.37 28.34 28.32 28.29 28.28 28.26 28.24 28.24 28.22 28.20 28.19 28.16 28.13 28.11 28.07 28.02 27.98 27.91 27.85 27.76 27.68 27.57 27.47 27.36 27.23 27.10 26.97 26.83 26.68 26.54 26.39 26.23 26.08 25.94 25.78 25.63 25.49 25.33 25.19 25.04 24.89 24.75 24.60 24.45 24.31 24.16 24.01 23.86 23.72 23.57 23.43 23.28 23.13 22.99 22.85 22.70 22.57 22.43 22.30 22.17 22.05 21.92 21.81 21.70 21.59 21.48
28.81 28.74 28.68 28.63 28.58 28.52 28.48 28.44 28.40 28.36 28.33 28.30 28.27 28.25 28.21 28.19 28.17 28.14 28.13 28.10 28.07 28.05 28.02 27.99 27.96 27.91 27.87 27.81 27.75 27.67 27.59 27.50 27.41 27.30 27.19 27.07 26.94 26.82 26.68 26.54 26.40 26.26 26.11 25.97 25.82 25.67 25.53 25.38 25.24 25.09 24.95 24.80 24.65 24.52 24.37 24.22 24.08 23.93 23.79 23.64 23.50 23.35 23.21 23.07 22.92 22.78 22.65 22.51 22.38 22.24 22.11 21.99 21.87 21.75 21.64 21.53 21.42
28.76 28.70 28.64 28.58 28.52 28.47 28.43 28.39 28.34 28.30 28.27 28.23 28.20 28.16 28.14 28.10 28.08 28.05 28.02 27.99 27.96 27.93 27.89 27.86 27.81 27.76 27.71 27.65 27.58 27.51 27.43 27.34 27.24 27.14 27.03 26.92 26.79 26.67 26.54 26.40 26.27 26.13 25.99 25.85 25.70 25.57 25.43 25.28 25.14 25.00 24.85 24.72 24.57 24.43 24.29 24.15 24.00 23.86 23.71 23.57 23.43 23.29 23.14 23.00 22.86 22.72 22.58 22.45 22.31 22.18 22.05 21.92 21.80 21.69 21.58 21.47 21.36
28.72 28.64 28.59 28.53 28.47 28.43 28.38 28.34 28.29 28.25 28.21 28.17 28.13 28.09 28.06 28.02 27.99 27.95 27.92 27.89 27.84 27.81 27.77 27.73 27.67 27.63 27.56 27.50 27.43 27.35 27.27 27.18 27.09 26.99 26.88 26.77 26.66 26.53 26.41 26.27 26.15 26.02 25.87 25.74 25.60 25.46 25.32 25.19 25.04 24.91 24.77 24.62 24.49 24.35 24.20 24.06 23.93 23.78 23.64 23.50 23.36 23.21 23.07 22.93 22.79 22.64 22.51 22.37 22.24 22.11 21.98 21.86 21.74 21.62 21.50 21.39 21.29
28.66 28.61 28.54 28.48 28.43 28.38 28.33 28.29 28.23 28.19 28.14 28.11 28.07 28.02 27.99 27.94 27.91 27.87 27.83 27.79 27.75 27.70 27.66 27.60 27.55 27.50 27.43 27.37 27.29 27.22 27.13 27.05 26.95 26.85 26.75 26.63 26.52 26.40 26.28 26.16 26.03 25.90 25.76 25.64 25.50 25.37 25.23 25.09 24.95 24.82 24.68 24.54 24.41 24.27 24.12 23.98 23.84 23.70 23.55 23.41 23.27 23.13 22.99 22.85 22.71 22.57 22.43 22.30 22.16 22.04 21.91 21.79 21.67 21.55 21.43 21.32 21.21
28.61 28.55 28.49 28.43 28.38 28.33 28.28 28.23 28.18 28.14 28.10 28.05 28.01 27.96 27.92 27.88 27.83 27.79 27.74 27.70 27.65 27.60 27.55 27.49 27.44 27.37 27.31 27.24 27.17 27.09 27.01 26.91 26.82 26.72 26.62 26.51 26.40 26.29 26.16 26.05 25.92 25.79 25.66 25.53 25.40 25.27 25.13 25.00 24.86 24.73 24.60 24.45 24.31 24.18 24.04 23.90 23.76 23.62 23.48 23.34 23.19 23.06 22.92 22.77 22.63 22.50 22.36 22.23 22.09 21.97 21.84 21.71 21.59 21.47 21.36 21.25 21.14
28.57 28.51 28.45 28.39 28.33 28.28 28.23 28.19 28.13 28.09 28.04 27.99 27.95 27.91 27.85 27.81 27.76 27.72 27.66 27.62 27.56 27.51 27.45 27.40 27.33 27.27 27.20 27.12 27.05 26.96 26.88 26.80 26.70 26.61 26.50 26.40 26.28 26.17 26.05 25.94 25.82 25.69 25.57 25.44 25.30 25.18 25.04 24.92 24.78 24.64 24.51 24.37 24.23 24.10 23.96 23.82 23.68 23.54 23.40 23.26 23.12 22.98 22.83 22.69 22.55 22.41 22.28 22.15 22.01 21.89 21.76 21.63 21.52 21.40 21.28 21.17 21.07
28.52 28.46 28.40 28.34 28.29 28.23 28.18 28.14 28.09 28.03 27.99 27.94 27.89 27.85 27.80 27.74 27.70 27.64 27.59 27.54 27.49 27.42 27.36 27.30 27.23 27.17 27.09 27.02 26.94 26.86 26.77 26.69 26.59 26.50 26.39 26.29 26.18 26.07 25.96 25.83 25.72 25.59 25.47 25.34 25.22 25.09 24.95 24.83 24.69 24.56 24.43 24.29 24.15 24.02 23.88 23.74 23.60 23.45 23.31 23.17 23.03 22.89 22.75 22.61 22.47 22.33 22.20 22.07 21.93 21.81 21.68 21.55 21.44 21.32 21.20 21.09 20.99
28.46 28.41 28.35 28.30 28.24 28.19 28.14 28.09 28.04 27.99 27.94 27.89 27.84 27.79 27.74 27.68 27.63 27.57 27.52 27.46 27.41 27.34 27.28 27.21 27.15 27.07 27.01 26.92 26.85 26.76 26.68 26.58 26.49 26.39 26.30 26.20 26.08 25.98 25.86 25.75 25.63 25.50 25.38 25.25 25.13 25.00 24.88 24.74 24.61 24.48 24.34 24.20 24.06 23.93 23.79 23.65 23.51 23.37 23.23 23.09 22.95 22.80 22.66 22.53 22.39 22.25 22.12 21.99 21.85 21.73 21.60 21.48 21.36 21.24 21.12 21.02 20.91
28.42 28.36 28.31 28.25 28.19 28.14 28.10 28.05 27.99 27.94 27.89 27.84 27.79 27.74 27.68 27.63 27.57 27.52 27.45 27.40 27.34 27.27 27.20 27.14 27.07 27.00 26.92 26.84 26.76 26.68 26.58 26.50 26.40 26.31 26.20 26.10 25.99 25.88 25.77 25.66 25.54 25.42 25.29 25.18 25.05 24.91 24.79 24.66 24.53 24.40 24.26 24.12 23.99 23.85 23.71 23.57 23.43 23.29 23.15 23.01 22.87 22.73 22.58 22.44 22.31 22.16 22.03 21.90 21.77 21.64 21.51 21.40 21.27 21.16 21.05 20.94 20.83
28.38 28.31 28.26 28.21 28.16 28.11 28.05 28.00 27.95 27.90 27.84 27.79 27.75 27.68 27.63 27.57 27.52 27.45 27.40 27.34 27.27 27.20 27.14 27.07 27.00 26.93 26.84 26.77 26.68 26.59 26.51 26.41 26.32 26.22 26.12 26.01 25.91 25.80 25.69 25.57 25.46 25.33 25.22 25.09 24.96 24.84 24.71 24.57 24.45 24.31 24.18 24.05 23.91 23.77 23.63 23.48 23.34 23.20 23.06 22.92 22.78 22.64 22.50 22.36 22.22 22.09 21.95 21.82 21.68 21.56 21.43 21.31 21.19 21.08 20.97 20.86 20.76
28.32 28.27 28.22 28.17 28.11 28.06 28.01 27.96 27.91 27.85 27.80 27.75 27.69 27.64 27.58 27.52 27.46 27.40 27.34 27.28 27.22 27.14 27.08 27.00 26.93 26.85 26.78 26.69 26.61 26.52 26.43 26.34 26.25 26.14 26.05 25.94 25.83 25.72 25.61 25.50 25.38 25.26 25.14 25.02 24.89 24.76 24.64 24.50 24.37 24.23 24.10 23.96 23.82 23.68 23.54 23.40 23.26 23.12 22.97 22.83 22.69 22.55 22.42 22.27 22.13 22.00 21.87 21.73 21.60 21.47 21.35 21.23 21.11 21.00 20.89 20.78 20.68
28.28 28.23 28.18 28.12 28.07 28.02 27.97 27.91 27.86 27.81 27.75 27.70 27.65 27.59 27.53 27.48 27.41 27.36 27.29 27.23 27.15 27.09 27.01 26.94 26.86 26.79 26.70 26.63 26.53 26.45 26.36 26.27 26.17 26.07 25.97 25.86 25.76 25.64 25.53 25.42 25.30 25.18 25.07 24.94 24.81 24.69 24.55 24.42 24.29 24.16 24.02 23.88 23.74 23.61 23.46 23.32 23.18 23.04 22.90 22.75 22.61 22.47 22.33 22.19 22.05 21.91 21.78 21.64 21.52 21.39 21.27 21.15 21.03 20.92 20.81 20.70 20.60
28.24 28.19 28.14 28.08 28.03 27.98 27.93 27.88 27.83 27.77 27.72 27.66 27.60 27.55 27.49 27.43 27.37 27.30 27.24 27.17 27.10 27.03 26.96 26.88 26.80 26.72 26.64 26.55 26.47 26.38 26.29 26.19 26.10 26.00 25.90 25.79 25.69 25.57 25.46 25.35 25.23 25.11 24.99 24.86 24.74 24.61 24.47 24.35 24.21 24.07 23.94 23.81 23.66 23.52 23.38 23.24 23.10 22.95 22.81 22.67 22.53 22.39 22.24 22.10 21.97 21.83 21.69 21.56 21.43 21.31 21.19 21.06 20.95 20.83 20.73 20.62 20.52
28.20 28.15 28.09 28.04 27.99 27.95 27.89 27.84 27.79 27.73 27.68 27.62 27.56 27.51 27.44 27.38 27.32 27.25 27.19 27.12 27.05 26.97 26.91 26.82 26.75 26.66 26.59 26.50 26.41 26.32 26.23 26.13 26.04 25.93 25.83 25.73 25.61 25.51 25.39 25.27 25.16 25.03 24.92 24.79 24.66 24.54 24.40 24.27 24.13 24.00 23.86 23.72 23.58 23.44 23.29 23.15 23.01 22.87 22.72 22.58 22.44 22.30 22.16 22.02 21.88 21.74 21.61 21.47 21.35 21.23 21.10 20.98 20.86 20.76 20.65 20.55 20.45
28.16 28.11 28.06 28.00 27.96 27.91 27.85 27.80 27.75 27.69 27.64 27.57 27.52 27.47 27.40 27.34 27.27 27.21 27.14 27.07 27.00 26.93 26.86 26.77 26.70 26.61 26.52 26.44 26.35 26.26 26.16 26.07 25.97 25.87 25.76 25.66 25.55 25.43 25.33 25.20 25.09 24.97 24.84 24.72 24.59 24.46 24.32 24.20 24.06 23.92 23.78 23.64 23.51 23.36 23.22 23.07 22.93 22.79 22.64 22.50 22.36 22.21 22.07 21.93 21.80 21.66 21.52 21.39 21.27 21.14 21.02 20.90 20.79 20.67 20.57 20.46 20.37
28.12 28.07 28.02 27.97 27.92 27.87 27.81 27.76 27.71 27.65 27.60 27.54 27.48 27.42 27.36 27.30 27.23 27.17 27.09 27.03 26.95 26.88 26.80 26.72 26.64 26.56 26.47 26.39 26.29 26.20 26.10 26.01 25.91 25.80 25.70 25.59 25.49 25.37 25.25 25.14 25.02 24.90 24.77 24.64 24.52 24.39 24.25 24.12 23.99 23.85 23.71 23.56 23.42 23.28 23.13 22.99 22.84 22.70 22.55 22.41 22.27 22.13 21.99 21.85 21.71 21.57 21.44 21.31 21.18 21.06 20.93 20.82 20.71 20.59 20.49 20.39 20.30
28.09 28.03 27.99 27.93 27.88 27.83 27.78 27.73 27.68 27.61 27.56 27.50 27.44 27.38 27.32 27.26 27.18 27.12 27.05 26.98 26.90 26.83 26.75 26.67 26.59 26.51 26.42 26.33 26.24 26.14 26.05 25.95 25.85 25.74 25.64 25.53 25.43 25.31 25.19 25.08 24.95 24.82 24.71 24.58 24.44 24.32 24.18 24.04 23.90 23.76 23.63 23.49 23.34 23.20 23.05 22.91 22.76 22.62 22.47 22.33 22.19 22.05 21.91 21.76 21.62 21.49 21.36 21.22 21.10 20.98 20.85 20.74 20.62 20.52 20.42 20.31 20.22
28.05 28.00 27.95 27.90 27.85 27.80 27.75 27.69 27.64 27.58 27.52 27.46 27.40 27.34 27.28 27.21 27.14 27.08 27.00 26.94 26.86 26.78 26.70 26.62 26.54 26.46 26.36 26.27 26.18 26.08 25.99 25.89 25.79 25.68 25.57 25.47 25.35 25.25 25.12 25.00 24.89 24.76 24.63 24.51 24.37 24.24 24.11 23.97 23.83 23.69 23.55 23.40 23.27 23.12 22.98 22.83 22.69 22.54 22.39 22.25 22.11 21.96 21.82 21.68 21.54 21.41 21.27 21.14 21.02 20.89 20.77 20.66 20.54 20.44 20.34 20.24 20.15
28.01 27.97 27.91 27.87 27.82 27.76 27.71 27.65 27.60 27.54 27.48 27.43 27.36 27.30 27.23 27.17 27.10 27.04 26.96 26.89 26.81 26.74 26.65 26.58 26.49 26.41 26.31 26.23 26.13 26.03 25.94 25.83 25.74 25.63 25.51 25.41 25.29 25.18 25.06 24.94 24.82 24.69 24.56 24.43 24.31 24.17 24.03 23.89 23.76 23.62 23.47 23.33 23.18 23.04 22.89 22.74 22.60 22.45 22.30 22.16 22.02 21.87 21.73 21.60 21.46 21.32 21.19 21.06 20.93 20.81 20.69 20.58 20.47 20.36 20.26 20.16 20.08
27.99 27.93 27.89 27.83 27.78 27.72 27.67 27.61 27.56 27.51 27.45 27.39 27.32 27.26 27.19 27.13 27.06 26.99 26.91 26.85 26.76 26.69 26.61 26.53 26.44 26.36 26.26 26.18 26.08 25.98 25.88 25.78 25.68 25.57 25.46 25.35 25.23 25.11 25.00 24.87 24.75 24.63 24.50 24.36 24.24 24.10 23.96 23.82 23.68 23.54 23.40 23.25 23.10 22.96 22.81 22.66 22.52 22.37 22.22 22.08 21.94 21.79 21.65 21.52 21.37 21.24 21.11 20.98 20.85 20.73 20.61 20.50 20.39 20.29 20.18 20.09 20.00
27.95 27.91 27.85 27.80 27.75 27.70 27.64 27.59 27.52 27.47 27.41 27.35 27.28 27.22 27.15 27.09 27.02 26.95 26.87 26.80 26.72 26.64 26.56 26.48 26.39 26.31 26.21 26.11 26.03 25.92 25.83 25.72 25.62 25.51 25.40 25.29 25.17 25.05 24.94 24.81 24.68 24.56 24.43 24.29 24.16 24.03 23.89 23.75 23.60 23.46 23.32 23.17 23.03 22.88 22.73 22.58 22.44 22.29 22.14 22.00 21.85 21.71 21.57 21.43 21.29 21.16 21.03 20.90 20.77 20.65 20.54 20.43 20.31 20.21 20.12 20.02 19.93
27.92 27.87 27.82 27.77 27.72 27.66 27.61 27.55 27.50 27.43 27.38 27.31 27.25 27.18 27.12 27.05 26.98 26.91 26.84 26.76 26.68 26.60 26.51 26.43 26.34 26.26 26.16 26.07 25.97 25.88 25.77 25.67 25.57 25.45 25.34 25.23 25.11 25.00 24.87 24.75 24.62 24.49 24.36 24.22 24.09 23.96 23.81 23.67 23.53 23.38 23.25 23.10 22.95 22.80 22.65 22.50 22.36 22.21 22.06 21.92 21.77 21.63 21.49 21.34 21.21 21.07 20.94 20.82 20.69 20.57 20.46 20.35 20.23 20.14 20.04 19.94 19.86
27.89 27.84 27.79 27.74 27.68 27.62 27.57 27.52 27.46 27.39 27.34 27.27 27.21 27.14 27.08 27.01 26.94 26.86 26.79 26.71 26.64 26.55 26.47 26.38 26.30 26.21 26.11 26.02 25.92 25.83 25.72 25.61 25.51 25.39 25.29 25.17 25.05 24.93 24.81 24.68 24.55 24.43 24.29 24.15 24.02 23.88 23.74 23.60 23.45 23.31 23.16 23.02 22.87 22.72 22.57 22.42 22.27 22.13 21.98 21.83 21.69 21.55 21.41 21.26 21.12 20.99 20.86 20.74 20.61 20.49 20.38 20.27 20.16 20.06 19.97 19.88 19.79
27.86 27.81 27.76 27.70 27.66 27.60 27.54 27.48 27.42 27.36 27.30 27.24 27.17 27.11 27.04 26.97 26.90 26.83 26.75 26.68 26.59 26.50 26.43 26.33 26.25 26.16 26.07 25.97 25.87 25.77 25.66 25.55 25.45 25.34 25.23 25.11 24.99 24.87 24.74 24.61 24.48 24.36 24.22 24.08 23.95 23.81 23.67 23.52 23.38 23.23 23.09 22.94 22.79 22.64 22.49 22.34 22.19 22.04 21.90 21.75 21.61 21.46 21.32 21.18 21.04 20.91 20.78 20.66 20.54 20.41 20.30 20.19 20.09 19.98 19.89 19.81 19.72
27.84 27.78 27.72 27.68 27.62 27.57 27.51 27.44 27.39 27.33 27.27 27.20 27.14 27.07 27.01 26.93 26.86 26.78 26.70 26.63 26.54 26.47 26.38 26.30 26.20 26.11 26.02 25.92 25.82 25.72 25.61 25.51 25.39 25.28 25.17 25.05 24.92 24.81 24.68 24.55 24.43 24.29 24.15 24.01 23.88 23.74 23.60 23.45 23.30 23.16 23.01 22.86 22.71 22.56 22.41 22.26 22.11 21.96 21.81 21.67 21.52 21.38 21.24 21.10 20.96 20.83 20.70 20.58 20.46 20.35 20.22 20.12 20.02 19.92 19.82 19.73 19.65
27.80 27.75 27.70 27.64 27.59 27.53 27.48 27.42 27.35 27.30 27.23 27.17 27.10 27.04 26.96 26.89 26.82 26.74 26.67 26.58 26.51 26.42 26.33 26.25 26.15 26.06 25.96 25.86 25.77 25.66 25.56 25.45 25.33 25.23 25.11 24.99 24.87 24.74 24.61 24.48 24.36 24.22 24.08 23.95 23.81 23.66 23.52 23.37 23.23 23.08 22.93 22.78 22.62 22.47 22.32 22.17 22.02 21.87 21.73 21.58 21.44 21.30 21.16 21.02 20.89 20.75 20.63 20.51 20.39 20.27 20.16 20.05 19.95 19.85 19.76 19.66 19.58
27.77 27.72 27.66 27.61 27.55 27.50 27.44 27.38 27.32 27.26 27.20 27.13 27.07 27.00 26.92 26.85 26.78 26.71 26.62 26.55 26.46 26.37 26.29 26.20 26.11 26.01 25.91 25.82 25.71 25.61 25.51 25.39 25.29 25.17 25.05 24.93 24.81 24.68 24.55 24.42 24.28 24.14 24.00 23.87 23.72 23.58 23.43 23.29 23.14 22.99 22.84 22.68 22.53 22.38 22.23 22.08 21.93 21.79 21.64 21.50 21.35 21.21 21.08 20.94 20.81 20.69 20.56 20.43 20.31 20.20 20.09 19.99 19.89 19.79 19.69 19.61 19.53
27.75 27.69 27.63 27.59 27.53 27.46 27.41 27.35 27.28 27.23 27.16 27.10 27.03 26.95 26.89 26.81 26.74 26.66 26.59 26.50 26.41 26.33 26.24 26.16 26.06 25.96 25.87 25.76 25.66 25.56 25.44 25.34 25.22 25.10 24.98 24.85 24.72 24.59 24.47 24.33 24.19 24.05 23.92 23.77 23.63 23.48 23.34 23.19 23.04 22.89 22.74 22.59 22.44 22.29 22.14 22.00 21.84 21.70 21.55 21.41 21.27 21.13 20.99 20.86 20.73 20.61 20.48 20.37 20.25 20.13 20.02 19.92 19.82 19.73 19.64 19.55 19.47
27.71 27.66 27.61 27.55 27.50 27.44 27.37 27.32 27.25 27.19 27.13 27.06 26.99 26.92 26.84 26.78 26.70 26.62 26.54 26.45 26.37 26.28 26.20 26.10 26.00 25.91 25.80 25.70 25.59 25.48 25.36 25.25 25.13 25.00 24.89 24.76 24.63 24.50 24.37 24.23 24.09 23.96 23.82 23.68 23.53 23.39 23.25 23.10 22.95 22.80 22.65 22.50 22.36 22.21 22.06 21.91 21.76 21.62 21.47 21.33 21.19 21.06 20.92 20.79 20.65 20.53 20.41 20.29 20.18 20.07 19.96 19.86 19.76 19.67 19.58 19.49 19.42
27.68 27.63 27.58 27.52 27.46 27.41 27.34 27.28 27.22 27.16 27.09 27.02 26.95 26.89 26.81 26.73 26.66 26.57 26.48 26.40 26.31 26.22 26.12 26.02 25.93 25.82 25.71 25.61 25.50 25.39 25.27 25.15 25.04 24.92 24.79 24.66 24.54 24.41 24.27 24.15 24.01 23.87 23.72 23.59 23.44 23.30 23.15 23.00 22.85 22.70 22.56 22.41 22.26 22.11 21.97 21.82 21.67 21.53 21.38 21.24 21.11 20.97 20.84 20.71 20.58 20.46 20.34 20.21 20.10 20.00 19.89 19.79 19.70 19.61 19.52 19.43 19.35
