tmp
ncols 886
nrows 691
xllcenter 112.0000
yllcenter -44.5000
cellsize 0.0500
nodata_value -99.9900
[rows 170 to 203 of 691, columns 0 to 76 of 886]
26.03 26.05 26.06 26.07 26.09 26.10 26.11 26.12 26.12 26.13 26.13 26.13 26.13 26.13 26.13 26.12 26.12 26.11 26.10 26.09 26.08 26.06 26.05 26.04 26.01 25.99 25.97 25.95 25.93 25.90 25.88 25.85 25.83 25.80 25.79 25.80 25.82 25.86 25.89 25.93 25.96 26.01 26.05 26.09 26.14 26.18 26.23 26.28 26.34 26.39 26.46 26.55 26.64 26.73 26.82 26.93 27.03 27.13 27.24 27.34 27.44 27.55 27.66 27.76 27.88 27.99 28.09 28.21 28.32 28.44 28.55 28.68 28.79 28.91 29.02 29.15 29.26
26.01 26.02 26.03 26.05 26.06 26.07 26.07 26.08 26.08 26.09 26.09 26.09 26.08 26.08 26.07 26.07 26.06 26.05 26.03 26.02 26.00 25.98 25.96 25.95 25.92 25.90 25.87 25.84 25.82 25.79 25.76 25.73 25.70 25.70 25.71 25.74 25.77 25.81 25.84 25.87 25.91 25.95 25.99 26.03 26.08 26.12 26.17 26.23 26.29 26.37 26.46 26.55 26.65 26.75 26.85 26.94 27.04 27.15 27.25 27.35 27.46 27.56 27.68 27.78 27.89 28.00 28.11 28.23 28.34 28.46 28.57 28.69 28.81 28.93 29.05 29.16 29.29
25.98 26.00 26.01 26.02 26.03 26.03 26.04 26.04 26.04 26.04 26.04 26.04 26.03 26.02 26.02 26.01 25.99 25.98 25.96 25.95 25.92 25.91 25.88 25.85 25.83 25.80 25.77 25.73 25.70 25.67 25.64 25.61 25.62 25.64 25.66 25.70 25.73 25.75 25.79 25.82 25.86 25.89 25.93 25.97 26.01 26.07 26.13 26.21 26.30 26.38 26.47 26.57 26.67 26.76 26.86 26.95 27.06 27.16 27.27 27.37 27.48 27.58 27.69 27.80 27.91 28.02 28.14 28.25 28.37 28.48 28.60 28.71 28.83 28.95 29.06 29.19 29.30
25.96 25.97 25.98 25.99 25.99 26.00 26.00 26.00 26.00 26.00 25.99 25.99 25.98 25.98 25.96 25.94 25.93 25.91 25.89 25.87 25.84 25.82 25.79 25.75 25.72 25.69 25.66 25.61 25.58 25.55 25.53 25.54 25.56 25.59 25.62 25.64 25.67 25.70 25.73 25.76 25.80 25.82 25.86 25.91 25.98 26.05 26.14 26.22 26.31 26.40 26.49 26.59 26.68 26.78 26.88 26.98 27.07 27.18 27.28 27.39 27.49 27.60 27.71 27.82 27.92 28.04 28.16 28.27 28.38 28.49 28.61 28.73 28.85 28.97 29.09 29.20 29.33
25.93 25.94 25.95 25.96 25.96 25.96 25.96 25.96 25.96 25.95 25.94 25.93 25.93 25.92 25.90 25.88 25.86 25.84 25.81 25.78 25.76 25.72 25.70 25.66 25.62 25.58 25.54 25.50 25.46 25.46 25.47 25.49 25.52 25.54 25.56 25.59 25.62 25.65 25.67 25.70 25.73 25.77 25.82 25.89 25.97 26.07 26.15 26.24 26.32 26.41 26.50 26.60 26.70 26.80 26.89 26.99 27.09 27.19 27.30 27.40 27.51 27.61 27.73 27.84 27.94 28.06 28.18 28.28 28.40 28.52 28.63 28.75 28.87 28.98 29.10 29.23 29.34
25.91 25.91 25.92 25.92 25.93 25.93 25.92 25.92 25.91 25.90 25.89 25.89 25.87 25.85 25.83 25.81 25.79 25.76 25.73 25.70 25.67 25.63 25.59 25.55 25.51 25.46 25.42 25.39 25.39 25.40 25.43 25.45 25.46 25.49 25.51 25.54 25.55 25.58 25.60 25.64 25.68 25.75 25.82 25.91 25.99 26.07 26.17 26.25 26.34 26.43 26.53 26.62 26.71 26.81 26.91 27.01 27.11 27.21 27.31 27.42 27.52 27.63 27.75 27.85 27.96 28.08 28.18 28.30 28.42 28.54 28.66 28.77 28.89 29.01 29.13 29.24 29.36
25.88 25.88 25.89 25.89 25.89 25.89 25.88 25.87 25.87 25.85 25.84 25.83 25.81 25.79 25.76 25.74 25.71 25.68 25.64 25.61 25.57 25.53 25.49 25.45 25.39 25.34 25.32 25.33 25.34 25.36 25.38 25.40 25.42 25.44 25.45 25.47 25.49 25.52 25.55 25.61 25.68 25.76 25.84 25.92 26.00 26.09 26.18 26.27 26.35 26.44 26.54 26.63 26.73 26.82 26.93 27.02 27.13 27.23 27.33 27.43 27.54 27.65 27.75 27.87 27.98 28.10 28.21 28.32 28.44 28.55 28.67 28.79 28.91 29.02 29.15 29.27 29.39
25.85 25.85 25.85 25.85 25.85 25.85 25.84 25.83 25.82 25.80 25.79 25.77 25.75 25.72 25.70 25.67 25.63 25.59 25.56 25.52 25.48 25.43 25.37 25.33 25.28 25.26 25.27 25.28 25.30 25.31 25.33 25.35 25.36 25.38 25.40 25.41 25.44 25.49 25.55 25.62 25.70 25.78 25.86 25.94 26.02 26.10 26.20 26.28 26.37 26.46 26.56 26.65 26.75 26.84 26.94 27.04 27.14 27.25 27.34 27.45 27.56 27.66 27.77 27.89 28.00 28.12 28.23 28.34 28.45 28.57 28.69 28.81 28.93 29.05 29.17 29.29 29.41
25.82 25.82 25.82 25.82 25.81 25.80 25.79 25.78 25.76 25.76 25.73 25.71 25.68 25.65 25.63 25.59 25.55 25.52 25.47 25.42 25.37 25.32 25.27 25.22 25.21 25.21 25.23 25.25 25.25 25.27 25.29 25.29 25.31 25.32 25.34 25.36 25.41 25.48 25.56 25.63 25.71 25.80 25.88 25.96 26.04 26.12 26.20 26.30 26.39 26.48 26.57 26.66 26.76 26.86 26.95 27.06 27.16 27.26 27.37 27.47 27.57 27.68 27.79 27.91 28.02 28.13 28.25 28.36 28.48 28.60 28.72 28.84 28.96 29.07 29.20 29.32 29.43
25.79 25.79 25.78 25.78 25.77 25.76 25.75 25.73 25.71 25.70 25.67 25.65 25.61 25.59 25.55 25.51 25.46 25.42 25.37 25.32 25.27 25.21 25.17 25.16 25.16 25.18 25.18 25.20 25.21 25.22 25.23 25.24 25.25 25.26 25.30 25.36 25.43 25.50 25.58 25.65 25.73 25.81 25.89 25.97 26.06 26.14 26.23 26.32 26.40 26.50 26.59 26.68 26.77 26.88 26.98 27.07 27.18 27.28 27.39 27.49 27.59 27.70 27.82 27.93 28.04 28.15 28.27 28.38 28.50 28.62 28.73 28.85 28.97 29.09 29.21 29.33 29.45
25.76 25.75 25.75 25.74 25.73 25.72 25.70 25.68 25.67 25.64 25.61 25.58 25.55 25.51 25.47 25.42 25.38 25.33 25.27 25.22 25.16 25.12 25.10 25.11 25.12 25.13 25.15 25.15 25.16 25.17 25.17 25.18 25.20 25.24 25.31 25.38 25.45 25.52 25.60 25.67 25.75 25.82 25.90 25.98 26.07 26.16 26.25 26.33 26.42 26.51 26.60 26.70 26.80 26.89 26.99 27.09 27.19 27.29 27.40 27.51 27.62 27.72 27.84 27.95 28.06 28.17 28.29 28.40 28.52 28.63 28.75 28.88 29.00 29.12 29.24 29.36 29.48
25.72 25.72 25.71 25.70 25.69 25.67 25.65 25.64 25.61 25.58 25.55 25.51 25.48 25.43 25.39 25.34 25.29 25.23 25.18 25.11 25.07 25.06 25.07 25.07 25.09 25.09 25.10 25.10 25.10 25.11 25.12 25.14 25.19 25.25 25.32 25.39 25.46 25.53 25.61 25.68 25.77 25.84 25.92 26.00 26.09 26.17 26.26 26.35 26.43 26.53 26.62 26.71 26.81 26.91 27.01 27.11 27.21 27.32 27.42 27.53 27.64 27.75 27.85 27.97 28.08 28.19 28.30 28.42 28.53 28.66 28.78 28.89 29.01 29.14 29.26 29.38 29.50
25.69 25.68 25.67 25.66 25.64 25.62 25.60 25.58 25.55 25.52 25.48 25.45 25.40 25.35 25.30 25.25 25.19 25.14 25.07 25.02 25.02 25.02 25.03 25.04 25.04 25.05 25.04 25.05 25.05 25.06 25.08 25.13 25.20 25.27 25.34 25.41 25.48 25.55 25.63 25.70 25.78 25.86 25.94 26.02 26.11 26.19 26.27 26.37 26.45 26.55 26.64 26.73 26.83 26.93 27.03 27.12 27.22 27.33 27.43 27.54 27.65 27.76 27.86 27.98 28.10 28.21 28.32 28.43 28.56 28.67 28.79 28.92 29.04 29.15 29.28 29.40 29.52
25.65 25.64 25.63 25.61 25.59 25.57 25.55 25.52 25.49 25.45 25.41 25.38 25.33 25.27 25.22 25.16 25.09 25.04 24.99 24.98 24.98 24.99 24.99 25.00 25.00 25.00 25.00 25.00 25.00 25.04 25.09 25.16 25.22 25.29 25.36 25.43 25.50 25.57 25.65 25.72 25.80 25.87 25.96 26.04 26.12 26.21 26.29 26.38 26.48 26.56 26.66 26.75 26.84 26.94 27.04 27.14 27.25 27.35 27.46 27.56 27.67 27.77 27.88 28.00 28.11 28.22 28.34 28.46 28.57 28.70 28.82 28.93 29.06 29.18 29.30 29.43 29.55
25.62 25.61 25.59 25.57 25.55 25.52 25.50 25.47 25.43 25.39 25.34 25.30 25.25 25.19 25.13 25.06 25.01 24.95 24.95 24.95 24.95 24.95 24.96 24.95 24.96 24.95 24.95 24.96 24.99 25.05 25.10 25.17 25.24 25.30 25.37 25.44 25.51 25.58 25.66 25.74 25.82 25.89 25.98 26.06 26.14 26.23 26.31 26.40 26.48 26.58 26.67 26.77 26.86 26.96 27.06 27.16 27.26 27.36 27.47 27.58 27.69 27.79 27.90 28.02 28.13 28.24 28.36 28.47 28.59 28.71 28.83 28.95 29.07 29.20 29.32 29.45 29.57
25.58 25.57 25.55 25.52 25.50 25.47 25.44 25.41 25.37 25.32 25.28 25.22 25.16 25.11 25.04 24.97 24.92 24.91 24.92 24.91 24.92 24.91 24.92 24.91 24.91 24.90 24.91 24.94 25.00 25.06 25.13 25.19 25.26 25.33 25.39 25.46 25.53 25.61 25.68 25.75 25.84 25.91 25.99 26.08 26.15 26.24 26.33 26.42 26.51 26.59 26.69 26.79 26.88 26.98 27.08 27.18 27.28 27.38 27.49 27.59 27.70 27.81 27.92 28.02 28.14 28.25 28.37 28.49 28.61 28.73 28.85 28.97 29.09 29.22 29.34 29.47 29.59
25.54 25.53 25.50 25.48 25.45 25.42 25.39 25.35 25.30 25.25 25.20 25.14 25.08 25.02 24.95 24.90 24.88 24.89 24.88 24.89 24.88 24.88 24.87 24.87 24.86 24.86 24.91 24.96 25.02 25.08 25.14 25.21 25.27 25.34 25.41 25.48 25.55 25.63 25.70 25.77 25.85 25.93 26.01 26.09 26.17 26.26 26.34 26.43 26.53 26.61 26.71 26.80 26.90 26.99 27.09 27.19 27.29 27.39 27.51 27.61 27.71 27.83 27.93 28.05 28.16 28.27 28.38 28.50 28.62 28.74 28.86 28.98 29.11 29.23 29.35 29.48 29.61
25.51 25.48 25.46 25.43 25.40 25.36 25.33 25.28 25.23 25.19 25.13 25.06 25.00 24.93 24.87 24.86 24.85 24.86 24.85 24.85 24.84 24.84 24.84 24.82 24.83 24.87 24.92 24.98 25.04 25.10 25.17 25.23 25.30 25.36 25.43 25.50 25.57 25.64 25.71 25.79 25.87 25.95 26.03 26.10 26.19 26.28 26.36 26.45 26.54 26.64 26.72 26.82 26.91 27.01 27.11 27.20 27.31 27.41 27.51 27.62 27.73 27.84 27.94 28.05 28.16 28.28 28.39 28.51 28.63 28.75 28.86 28.99 29.12 29.24 29.36 29.49 29.62
25.47 25.44 25.41 25.38 25.35 25.31 25.27 25.22 25.16 25.11 25.05 24.98 24.92 24.85 24.83 24.83 24.82 24.82 24.82 24.81 24.81 24.80 24.79 24.80 24.83 24.88 24.94 25.00 25.05 25.12 25.18 25.24 25.31 25.38 25.44 25.51 25.59 25.66 25.73 25.80 25.89 25.96 26.05 26.12 26.21 26.30 26.38 26.47 26.56 26.65 26.75 26.84 26.93 27.03 27.13 27.22 27.32 27.43 27.53 27.63 27.74 27.84 27.95 28.06 28.17 28.28 28.40 28.52 28.63 28.75 28.87 28.99 29.12 29.25 29.38 29.50 29.63
25.43 25.40 25.37 25.33 25.29 25.26 25.21 25.15 25.09 25.04 24.97 24.91 24.84 24.80 24.81 24.80 24.80 24.79 24.79 24.78 24.77 24.75 24.76 24.80 24.85 24.90 24.96 25.02 25.08 25.14 25.21 25.27 25.33 25.40 25.47 25.53 25.60 25.68 25.75 25.83 25.91 25.98 26.07 26.14 26.23 26.31 26.40 26.49 26.58 26.67 26.76 26.85 26.95 27.04 27.14 27.23 27.34 27.43 27.54 27.64 27.74 27.84 27.95 28.06 28.16 28.28 28.39 28.51 28.62 28.74 28.87 28.99 29.11 29.24 29.37 29.50 29.64
25.39 25.35 25.32 25.28 25.24 25.20 25.15 25.09 25.03 24.96 24.89 24.83 24.79 24.79 24.78 24.77 24.77 24.77 24.75 24.75 24.73 24.73 24.77 24.81 24.87 24.93 24.98 25.04 25.10 25.16 25.22 25.28 25.35 25.41 25.48 25.56 25.63 25.70 25.77 25.85 25.92 26.00 26.08 26.16 26.25 26.33 26.42 26.50 26.59 26.68 26.78 26.87 26.96 27.05 27.14 27.25 27.34 27.44 27.54 27.64 27.74 27.84 27.95 28.05 28.16 28.26 28.37 28.49 28.60 28.73 28.84 28.97 29.10 29.23 29.36 29.49 29.62
25.34 25.31 25.27 25.23 25.18 25.14 25.08 25.02 24.96 24.89 24.81 24.78 24.76 24.76 24.76 24.75 24.74 24.74 24.72 24.71 24.70 24.73 24.78 24.84 24.89 24.94 25.00 25.06 25.12 25.18 25.25 25.31 25.37 25.44 25.50 25.57 25.64 25.72 25.79 25.87 25.94 26.02 26.10 26.18 26.27 26.35 26.43 26.52 26.61 26.70 26.79 26.88 26.97 27.07 27.16 27.25 27.35 27.44 27.54 27.64 27.73 27.83 27.93 28.04 28.14 28.25 28.35 28.46 28.58 28.69 28.81 28.94 29.07 29.20 29.33 29.46 29.61
25.30 25.27 25.22 25.18 25.14 25.08 25.02 24.95 24.89 24.81 24.76 24.75 24.75 24.74 24.73 24.73 24.71 24.70 24.69 24.68 24.71 24.75 24.80 24.86 24.91 24.96 25.02 25.08 25.14 25.20 25.26 25.32 25.39 25.45 25.53 25.60 25.66 25.73 25.81 25.88 25.96 26.04 26.12 26.20 26.28 26.37 26.45 26.54 26.63 26.71 26.80 26.89 26.98 27.08 27.16 27.26 27.35 27.44 27.54 27.62 27.72 27.81 27.91 28.01 28.10 28.21 28.31 28.41 28.53 28.65 28.76 28.90 29.02 29.15 29.29 29.43 29.57
25.25 25.22 25.17 25.13 25.08 25.02 24.95 24.89 24.82 24.75 24.73 24.73 24.73 24.72 24.71 24.70 24.69 24.67 24.66 24.68 24.72 24.78 24.82 24.88 24.93 24.99 25.05 25.11 25.17 25.23 25.29 25.35 25.41 25.48 25.54 25.61 25.69 25.76 25.82 25.90 25.98 26.06 26.14 26.21 26.30 26.38 26.47 26.55 26.64 26.73 26.81 26.91 26.99 27.08 27.17 27.25 27.34 27.43 27.52 27.60 27.69 27.78 27.87 27.96 28.05 28.15 28.25 28.35 28.46 28.58 28.69 28.83 28.95 29.09 29.23 29.38 29.52
25.22 25.17 25.13 25.07 25.02 24.96 24.89 24.82 24.75 24.73 24.71 24.71 24.71 24.69 24.69 24.67 24.66 24.64 24.66 24.70 24.75 24.80 24.85 24.90 24.95 25.01 25.06 25.12 25.18 25.24 25.30 25.37 25.43 25.50 25.57 25.63 25.70 25.78 25.85 25.93 26.00 26.08 26.16 26.23 26.32 26.40 26.49 26.57 26.65 26.74 26.82 26.91 27.00 27.09 27.16 27.25 27.33 27.41 27.49 27.57 27.65 27.73 27.81 27.90 27.98 28.08 28.17 28.27 28.37 28.49 28.60 28.73 28.86 29.00 29.15 29.29 29.45
25.17 25.13 25.08 25.02 24.97 24.90 24.82 24.76 24.71 24.71 24.70 24.70 24.68 24.68 24.66 24.65 24.63 24.64 24.68 24.72 24.77 24.82 24.87 24.92 24.98 25.04 25.09 25.14 25.20 25.27 25.33 25.39 25.45 25.52 25.58 25.66 25.73 25.79 25.87 25.94 26.02 26.10 26.17 26.25 26.34 26.42 26.50 26.58 26.67 26.75 26.84 26.92 26.99 27.08 27.15 27.23 27.31 27.39 27.45 27.52 27.59 27.67 27.74 27.81 27.89 27.97 28.06 28.15 28.25 28.36 28.47 28.60 28.74 28.89 29.03 29.19 29.36
25.13 25.08 25.03 24.96 24.91 24.84 24.77 24.71 24.69 24.69 24.68 24.68 24.66 24.66 24.64 24.62 24.61 24.65 24.70 24.74 24.79 24.84 24.90 24.94 25.00 25.05 25.11 25.17 25.23 25.29 25.35 25.41 25.47 25.54 25.61 25.67 25.75 25.82 25.89 25.96 26.04 26.11 26.19 26.27 26.36 26.44 26.52 26.60 26.68 26.76 26.84 26.92 27.00 27.07 27.14 27.20 27.27 27.34 27.40 27.46 27.52 27.58 27.64 27.70 27.77 27.83 27.92 28.00 28.10 28.20 28.31 28.44 28.58 28.73 28.89 29.06 29.24
25.09 25.03 24.98 24.92 24.85 24.78 24.72 24.68 24.68 24.68 24.66 24.66 24.64 24.63 24.62 24.61 24.63 24.67 24.72 24.77 24.82 24.86 24.92 24.97 25.03 25.08 25.14 25.20 25.25 25.30 25.37 25.44 25.50 25.56 25.62 25.70 25.76 25.84 25.91 25.99 26.07 26.13 26.21 26.29 26.37 26.45 26.53 26.61 26.69 26.77 26.84 26.91 26.99 27.05 27.11 27.18 27.23 27.29 27.33 27.38 27.42 27.47 27.51 27.57 27.61 27.67 27.74 27.82 27.90 28.00 28.11 28.25 28.39 28.55 28.71 28.89 29.08
25.04 24.99 24.92 24.87 24.79 24.73 24.68 24.67 24.67 24.66 24.66 24.64 24.63 24.61 24.60 24.61 24.65 24.70 24.74 24.79 24.84 24.89 24.94 24.99 25.05 25.10 25.16 25.22 25.27 25.33 25.39 25.45 25.52 25.59 25.65 25.71 25.79 25.86 25.93 26.01 26.08 26.16 26.24 26.31 26.39 26.47 26.55 26.62 26.69 26.77 26.84 26.91 26.97 27.03 27.09 27.14 27.17 27.21 27.25 27.28 27.30 27.34 27.36 27.39 27.42 27.47 27.52 27.59 27.67 27.77 27.88 28.01 28.15 28.32 28.50 28.69 28.89
25.00 24.94 24.87 24.81 24.74 24.69 24.67 24.66 24.66 24.65 24.64 24.62 24.61 24.60 24.60 24.64 24.67 24.72 24.77 24.82 24.86 24.92 24.97 25.02 25.07 25.12 25.18 25.23 25.30 25.36 25.42 25.48 25.54 25.60 25.68 25.74 25.82 25.88 25.96 26.02 26.10 26.18 26.26 26.33 26.41 26.48 26.56 26.63 26.70 26.77 26.83 26.89 26.95 26.99 27.04 27.07 27.10 27.12 27.14 27.16 27.16 27.16 27.17 27.19 27.20 27.23 27.27 27.32 27.39 27.48 27.59 27.72 27.88 28.04 28.24 28.45 28.67
24.96 24.89 24.82 24.76 24.69 24.67 24.66 24.66 24.65 24.64 24.63 24.62 24.59 24.59 24.61 24.66 24.71 24.75 24.79 24.84 24.89 24.94 24.99 25.04 25.10 25.15 25.21 25.26 25.32 25.38 25.44 25.50 25.57 25.63 25.69 25.77 25.83 25.91 25.98 26.05 26.12 26.20 26.27 26.35 26.42 26.50 26.57 26.63 26.70 26.76 26.82 26.87 26.92 26.96 26.98 27.00 27.02 27.02 27.01 27.00 26.99 26.96 26.95 26.94 26.94 26.94 26.96 27.01 27.07 27.17 27.27 27.42 27.58 27.75 27.96 28.18 28.42
24.91 24.85 24.79 24.71 24.66 24.66 24.65 24.65 24.64 24.63 24.61 24.60 24.59 24.60 24.65 24.68 24.73 24.78 24.82 24.87 24.92 24.97 25.02 25.07 25.12 25.17 25.23 25.28 25.34 25.41 25.47 25.53 25.59 25.66 25.72 25.79 25.86 25.93 26.00 26.07 26.15 26.22 26.29 26.36 26.44 26.51 26.57 26.63 26.70 26.75 26.80 26.84 26.87 26.90 26.91 26.91 26.90 26.88 26.86 26.82 26.78 26.73 26.69 26.66 26.64 26.64 26.66 26.71 26.79 26.92 27.07 27.23 27.39 27.56 27.75 27.95 28.19
24.87 24.80 24.74 24.67 24.66 24.65 24.65 24.64 24.63 24.62 24.61 24.59 24.60 24.62 24.67 24.71 24.75 24.80 24.85 24.90 24.95 24.99 25.04 25.09 25.15 25.20 25.26 25.31 25.37 25.43 25.49 25.55 25.61 25.68 25.75 25.81 25.88 25.95 26.02 26.09 26.17 26.23 26.30 26.38 26.45 26.52 26.58 26.64 26.69 26.73 26.78 26.81 26.83 26.84 26.82 26.82 26.78 26.74 26.69 26.62 26.55 26.48 26.41 26.37 26.36 26.41 26.53 26.65 26.78 26.93 27.09 27.25 27.42 27.60 27.79 27.98 28.20
24.83 24.76 24.70 24.65 24.65 24.64 24.64 24.63 24.62 24.60 24.59 24.59 24.61 24.66 24.70 24.74 24.78 24.83 24.87 24.92 24.97 25.02 25.07 25.11 25.17 25.22 25.28 25.34 25.40 25.46 25.51 25.57 25.64 25.70 25.76 25.84 25.90 25.97 26.04 26.11 26.18 26.25 26.32 26.39 26.46 26.52 26.58 26.64 26.68 26.72 26.74 26.76 26.77 26.76 26.73 26.69 26.64 26.57 26.48 26.39 26.29 26.21 26.15 26.20 26.29 26.42 26.55 26.70 26.85 27.00 27.17 27.33 27.50 27.69 27.87 28.08 28.29
