tmp
ncols 886
nrows 691
xllcenter 112.0000
yllcenter -44.5000
cellsize 0.0500
nodata_value -99.9900
[rows 578 to 611 of 691, columns 385 to 461 of 886]
13.60 13.58 13.56 13.54 13.52 13.50 13.48 13.45 13.43 13.40 13.37 13.35 13.31 13.29 13.26 13.22 13.19 13.16 13.11 13.08 13.04 13.00 12.96 12.92 12.88 12.84 12.83 12.82 12.80 12.80 12.79 12.79 12.77 12.77 12.76 12.76 12.75 12.74 12.74 12.74 12.72 12.72 12.72 12.71 12.71 12.71 12.70 12.70 12.70 12.70 12.70 12.70 12.70 12.70 12.69 12.69 12.70 12.70 12.70 12.71 12.71 12.71 12.72 12.72 12.73 12.73 12.74 12.75 12.75 12.76 12.77 12.78 12.79 12.80 12.81 12.82 12.83
13.57 13.55 13.53 13.51 13.49 13.47 13.45 13.42 13.40 13.38 13.35 13.33 13.29 13.27 13.24 13.20 13.18 13.15 13.10 13.07 13.04 12.99 12.95 12.91 12.87 12.82 12.79 12.78 12.76 12.75 12.75 12.74 12.73 12.72 12.72 12.71 12.70 12.69 12.69 12.68 12.68 12.67 12.66 12.66 12.66 12.65 12.64 12.64 12.64 12.64 12.64 12.64 12.64 12.64 12.64 12.63 12.63 12.63 12.63 12.63 12.63 12.64 12.64 12.64 12.65 12.65 12.66 12.66 12.67 12.68 12.69 12.69 12.70 12.70 12.71 12.72 12.72
13.54 13.52 13.50 13.49 13.46 13.44 13.43 13.40 13.38 13.36 13.33 13.31 13.28 13.25 13.23 13.19 13.16 13.13 13.09 13.06 13.03 12.98 12.95 12.91 12.87 12.82 12.78 12.74 12.71 12.71 12.70 12.69 12.68 12.67 12.67 12.66 12.65 12.64 12.64 12.63 12.63 12.62 12.61 12.60 12.60 12.60 12.59 12.59 12.58 12.58 12.58 12.57 12.57 12.57 12.57 12.57 12.57 12.57 12.56 12.56 12.56 12.56 12.57 12.57 12.57 12.57 12.57 12.59 12.59 12.59 12.60 12.60 12.61 12.61 12.62 12.62 12.62
13.51 13.49 13.47 13.46 13.43 13.42 13.40 13.37 13.36 13.34 13.31 13.29 13.26 13.23 13.21 13.18 13.15 13.12 13.09 13.05 13.02 12.97 12.94 12.90 12.87 12.82 12.77 12.73 12.70 12.66 12.65 12.65 12.63 12.62 12.62 12.61 12.61 12.59 12.59 12.58 12.58 12.57 12.56 12.55 12.55 12.54 12.54 12.54 12.53 12.52 12.52 12.51 12.51 12.51 12.51 12.51 12.50 12.50 12.50 12.50 12.50 12.50 12.50 12.50 12.50 12.50 12.51 12.51 12.51 12.51 12.51 12.52 12.52 12.52 12.53 12.54 12.54
13.48 13.46 13.44 13.43 13.41 13.39 13.38 13.35 13.33 13.30 13.28 13.26 13.23 13.21 13.19 13.15 13.13 13.10 13.07 13.04 13.01 12.97 12.93 12.90 12.86 12.81 12.77 12.73 12.69 12.64 12.61 12.60 12.59 12.58 12.57 12.56 12.56 12.54 12.54 12.53 12.52 12.52 12.51 12.50 12.49 12.49 12.48 12.48 12.48 12.47 12.46 12.45 12.45 12.45 12.45 12.44 12.44 12.44 12.44 12.43 12.43 12.43 12.43 12.43 12.43 12.43 12.43 12.43 12.43 12.43 12.43 12.43 12.44 12.44 12.45 12.45 12.45
13.45 13.44 13.41 13.40 13.38 13.36 13.35 13.32 13.31 13.29 13.26 13.24 13.21 13.19 13.17 13.14 13.11 13.09 13.06 13.02 12.99 12.96 12.92 12.89 12.85 12.81 12.77 12.73 12.69 12.64 12.60 12.56 12.55 12.54 12.52 12.52 12.51 12.50 12.49 12.48 12.47 12.47 12.46 12.46 12.45 12.44 12.43 12.42 12.42 12.42 12.41 12.41 12.39 12.39 12.38 12.38 12.38 12.37 12.37 12.37 12.37 12.36 12.36 12.36 12.36 12.36 12.36 12.35 12.35 12.36 12.36 12.36 12.36 12.36 12.36 12.36 12.36
13.42 13.39 13.38 13.37 13.35 13.34 13.32 13.30 13.28 13.26 13.24 13.22 13.20 13.17 13.15 13.13 13.09 13.07 13.05 13.01 12.98 12.95 12.91 12.88 12.85 12.81 12.77 12.73 12.69 12.65 12.60 12.55 12.51 12.50 12.48 12.47 12.46 12.45 12.45 12.44 12.42 12.42 12.41 12.40 12.40 12.38 12.38 12.37 12.37 12.36 12.35 12.35 12.34 12.34 12.34 12.33 12.32 12.31 12.31 12.31 12.30 12.30 12.30 12.29 12.29 12.29 12.29 12.29 12.29 12.29 12.29 12.28 12.28 12.28 12.28 12.29 12.29
13.38 13.36 13.35 13.34 13.32 13.31 13.29 13.27 13.25 13.24 13.21 13.20 13.18 13.15 13.13 13.11 13.08 13.05 13.03 12.99 12.97 12.94 12.91 12.87 12.84 12.81 12.77 12.73 12.69 12.65 12.61 12.55 12.51 12.47 12.45 12.42 12.41 12.41 12.40 12.39 12.38 12.37 12.36 12.35 12.35 12.34 12.33 12.32 12.31 12.31 12.30 12.29 12.29 12.28 12.28 12.27 12.27 12.26 12.26 12.25 12.25 12.24 12.24 12.24 12.23 12.23 12.23 12.22 12.22 12.22 12.21 12.21 12.21 12.21 12.21 12.21 12.21
13.35 13.33 13.32 13.31 13.29 13.28 13.27 13.24 13.23 13.21 13.19 13.17 13.15 13.13 13.11 13.09 13.06 13.03 13.01 12.99 12.95 12.93 12.90 12.86 12.83 12.80 12.76 12.72 12.68 12.65 12.61 12.56 12.51 12.47 12.43 12.39 12.37 12.36 12.35 12.34 12.34 12.32 12.31 12.30 12.30 12.29 12.28 12.28 12.27 12.26 12.25 12.24 12.23 12.23 12.22 12.21 12.21 12.20 12.20 12.19 12.19 12.18 12.18 12.17 12.17 12.16 12.16 12.15 12.15 12.14 12.14 12.15 12.14 12.14 12.14 12.13 12.13
13.32 13.30 13.29 13.28 13.26 13.25 13.24 13.21 13.20 13.19 13.16 13.15 13.13 13.11 13.08 13.07 13.04 13.01 12.99 12.97 12.94 12.91 12.88 12.86 12.82 12.79 12.76 12.72 12.68 12.64 12.61 12.57 12.52 12.47 12.43 12.38 12.35 12.32 12.30 12.30 12.29 12.28 12.27 12.26 12.25 12.24 12.23 12.22 12.22 12.21 12.20 12.20 12.19 12.18 12.16 12.16 12.15 12.14 12.14 12.13 12.13 12.12 12.11 12.11 12.10 12.11 12.10 12.10 12.09 12.09 12.08 12.08 12.07 12.07 12.06 12.06 12.06
13.29 13.28 13.26 13.25 13.23 13.22 13.21 13.20 13.17 13.16 13.13 13.12 13.10 13.09 13.06 13.04 13.02 12.99 12.97 12.95 12.93 12.89 12.87 12.84 12.81 12.78 12.75 12.72 12.68 12.64 12.60 12.57 12.53 12.48 12.43 12.39 12.34 12.30 12.27 12.25 12.24 12.23 12.22 12.21 12.21 12.20 12.18 12.17 12.17 12.16 12.15 12.14 12.13 12.13 12.12 12.11 12.11 12.10 12.09 12.08 12.08 12.07 12.06 12.06 12.05 12.04 12.04 12.03 12.03 12.02 12.01 12.01 12.01 12.01 12.00 12.00 11.99
13.26 13.24 13.23 13.22 13.21 13.19 13.18 13.16 13.14 13.13 13.12 13.09 13.08 13.06 13.04 13.02 13.00 12.97 12.95 12.93 12.91 12.88 12.85 12.83 12.80 12.77 12.74 12.71 12.68 12.63 12.60 12.56 12.53 12.49 12.44 12.39 12.35 12.30 12.26 12.22 12.19 12.18 12.17 12.17 12.16 12.15 12.14 12.12 12.11 12.11 12.10 12.09 12.08 12.07 12.07 12.06 12.05 12.04 12.03 12.03 12.02 12.01 12.00 12.00 11.99 11.98 11.98 11.97 11.96 11.96 11.96 11.95 11.95 11.94 11.93 11.93 11.93
13.22 13.21 13.20 13.19 13.18 13.16 13.15 13.14 13.12 13.10 13.09 13.07 13.05 13.04 13.02 13.00 12.98 12.96 12.93 12.91 12.89 12.87 12.84 12.81 12.79 12.76 12.73 12.70 12.67 12.64 12.59 12.56 12.52 12.49 12.45 12.40 12.36 12.31 12.26 12.22 12.18 12.14 12.13 12.12 12.11 12.10 12.09 12.08 12.07 12.07 12.06 12.04 12.04 12.02 12.01 12.00 12.00 11.99 11.98 11.97 11.96 11.95 11.95 11.94 11.94 11.93 11.93 11.92 11.91 11.90 11.89 11.89 11.88 11.87 11.88 11.87 11.86
13.19 13.18 13.16 13.16 13.15 13.13 13.12 13.11 13.09 13.07 13.06 13.04 13.03 13.01 13.00 12.97 12.96 12.94 12.91 12.89 12.87 12.85 12.82 12.80 12.77 12.75 12.71 12.69 12.66 12.63 12.60 12.55 12.52 12.49 12.45 12.41 12.37 12.32 12.27 12.23 12.18 12.13 12.10 12.07 12.06 12.05 12.04 12.03 12.02 12.01 12.01 12.00 11.99 11.98 11.97 11.96 11.95 11.94 11.93 11.93 11.92 11.91 11.90 11.89 11.88 11.87 11.87 11.86 11.85 11.84 11.83 11.82 11.83 11.82 11.81 11.80 11.79
13.16 13.15 13.13 13.12 13.11 13.11 13.09 13.08 13.06 13.05 13.03 13.02 13.00 12.99 12.97 12.96 12.93 12.92 12.90 12.87 12.85 12.83 12.81 12.78 12.76 12.73 12.71 12.68 12.65 12.62 12.59 12.56 12.53 12.48 12.45 12.41 12.37 12.33 12.29 12.23 12.19 12.14 12.09 12.05 12.03 12.01 11.99 11.98 11.97 11.96 11.96 11.95 11.94 11.93 11.92 11.91 11.90 11.89 11.88 11.87 11.86 11.85 11.84 11.83 11.83 11.82 11.81 11.80 11.79 11.79 11.78 11.77 11.76 11.75 11.75 11.74 11.74
13.12 13.11 13.11 13.09 13.08 13.07 13.06 13.05 13.04 13.02 13.00 12.99 12.97 12.96 12.95 12.93 12.91 12.89 12.88 12.86 12.83 12.81 12.79 12.77 12.74 12.72 12.69 12.67 12.63 12.61 12.58 12.55 12.52 12.49 12.44 12.41 12.37 12.33 12.29 12.25 12.21 12.15 12.10 12.05 12.01 11.98 11.96 11.95 11.94 11.93 11.91 11.90 11.89 11.88 11.87 11.86 11.85 11.84 11.83 11.82 11.81 11.80 11.79 11.79 11.78 11.77 11.76 11.75 11.74 11.73 11.72 11.71 11.70 11.70 11.69 11.68 11.68
13.09 13.08 13.07 13.06 13.05 13.04 13.02 13.01 13.01 12.99 12.98 12.96 12.95 12.93 12.92 12.90 12.89 12.87 12.85 12.84 12.82 12.79 12.77 12.75 12.73 12.70 12.68 12.66 12.63 12.61 12.57 12.54 12.51 12.48 12.45 12.40 12.37 12.33 12.29 12.25 12.21 12.17 12.12 12.07 12.02 11.97 11.93 11.90 11.89 11.88 11.87 11.86 11.85 11.84 11.82 11.81 11.80 11.79 11.78 11.77 11.76 11.75 11.74 11.73 11.72 11.71 11.70 11.69 11.68 11.67 11.67 11.66 11.65 11.64 11.63 11.62 11.62
13.05 13.05 13.04 13.02 13.02 13.01 12.99 12.98 12.97 12.96 12.94 12.93 12.92 12.91 12.89 12.88 12.86 12.85 12.83 12.81 12.80 12.78 12.75 12.73 12.71 12.69 12.66 12.64 12.62 12.59 12.57 12.54 12.50 12.47 12.44 12.41 12.38 12.34 12.30 12.26 12.22 12.18 12.13 12.09 12.04 11.99 11.94 11.89 11.85 11.83 11.82 11.81 11.80 11.79 11.77 11.76 11.75 11.74 11.73 11.72 11.71 11.70 11.69 11.68 11.67 11.66 11.66 11.65 11.64 11.63 11.61 11.60 11.59 11.58 11.58 11.57 11.56
13.03 13.01 13.01 13.00 12.98 12.98 12.97 12.95 12.94 12.93 12.92 12.90 12.89 12.88 12.87 12.85 12.84 12.82 12.80 12.79 12.77 12.76 12.74 12.71 12.69 12.67 12.65 12.62 12.60 12.58 12.55 12.53 12.50 12.46 12.43 12.40 12.37 12.34 12.30 12.27 12.22 12.18 12.14 12.10 12.05 12.01 11.96 11.91 11.86 11.81 11.78 11.77 11.76 11.74 11.72 11.71 11.71 11.70 11.69 11.68 11.67 11.66 11.65 11.64 11.62 11.61 11.60 11.59 11.58 11.57 11.56 11.56 11.55 11.54 11.52 11.51 11.50
12.99 12.98 12.97 12.97 12.95 12.94 12.94 12.93 12.91 12.90 12.89 12.88 12.86 12.85 12.84 12.82 12.81 12.80 12.79 12.77 12.75 12.73 12.72 12.70 12.67 12.65 12.63 12.61 12.59 12.56 12.54 12.51 12.49 12.46 12.44 12.40 12.37 12.33 12.30 12.27 12.23 12.19 12.14 12.11 12.06 12.02 11.97 11.92 11.87 11.82 11.77 11.73 11.71 11.70 11.68 11.67 11.66 11.65 11.64 11.63 11.62 11.60 11.59 11.58 11.57 11.56 11.55 11.54 11.53 11.52 11.51 11.50 11.49 11.48 11.47 11.46 11.45
12.96 12.95 12.94 12.93 12.93 12.91 12.90 12.90 12.88 12.87 12.86 12.85 12.83 12.82 12.81 12.80 12.78 12.77 12.76 12.75 12.72 12.71 12.69 12.68 12.66 12.63 12.61 12.60 12.58 12.55 12.53 12.50 12.48 12.45 12.42 12.40 12.37 12.34 12.30 12.26 12.23 12.19 12.16 12.12 12.08 12.03 11.99 11.94 11.89 11.84 11.79 11.73 11.69 11.65 11.64 11.62 11.61 11.60 11.59 11.58 11.56 11.55 11.54 11.54 11.53 11.52 11.50 11.49 11.48 11.47 11.46 11.45 11.44 11.43 11.42 11.41 11.40
12.92 12.92 12.90 12.90 12.89 12.88 12.87 12.86 12.86 12.84 12.83 12.82 12.81 12.79 12.78 12.77 12.76 12.74 12.73 12.72 12.71 12.69 12.67 12.65 12.64 12.62 12.60 12.58 12.56 12.54 12.52 12.49 12.46 12.44 12.41 12.39 12.36 12.33 12.30 12.27 12.23 12.19 12.16 12.12 12.08 12.04 12.00 11.96 11.91 11.86 11.81 11.76 11.71 11.66 11.61 11.59 11.57 11.56 11.55 11.54 11.52 11.51 11.50 11.49 11.48 11.46 11.45 11.44 11.44 11.42 11.41 11.40 11.39 11.38 11.37 11.36 11.35
12.89 12.88 12.88 12.86 12.86 12.85 12.84 12.83 12.82 12.82 12.80 12.79 12.78 12.77 12.75 12.74 12.73 12.72 12.71 12.69 12.68 12.67 12.65 12.63 12.61 12.60 12.58 12.56 12.54 12.52 12.50 12.48 12.46 12.43 12.40 12.38 12.35 12.32 12.29 12.26 12.23 12.20 12.17 12.13 12.09 12.05 12.01 11.96 11.92 11.88 11.83 11.78 11.73 11.67 11.62 11.57 11.53 11.51 11.50 11.49 11.47 11.46 11.45 11.45 11.43 11.42 11.41 11.40 11.38 11.37 11.36 11.36 11.34 11.33 11.32 11.30 11.29
12.85 12.85 12.84 12.83 12.82 12.82 12.81 12.80 12.79 12.78 12.78 12.76 12.75 12.74 12.73 12.71 12.71 12.70 12.68 12.66 12.65 12.64 12.63 12.61 12.60 12.57 12.56 12.54 12.53 12.51 12.48 12.46 12.44 12.42 12.40 12.37 12.35 12.31 12.28 12.26 12.23 12.20 12.16 12.13 12.10 12.06 12.02 11.98 11.94 11.90 11.85 11.80 11.76 11.70 11.65 11.60 11.54 11.49 11.46 11.45 11.43 11.42 11.41 11.39 11.38 11.37 11.36 11.34 11.34 11.33 11.31 11.30 11.29 11.28 11.27 11.26 11.25
12.82 12.81 12.81 12.80 12.79 12.78 12.78 12.77 12.76 12.75 12.74 12.74 12.72 12.71 12.70 12.69 12.68 12.67 12.66 12.65 12.63 12.61 12.60 12.59 12.57 12.56 12.54 12.52 12.50 12.49 12.47 12.45 12.43 12.40 12.38 12.36 12.33 12.31 12.28 12.26 12.23 12.20 12.16 12.13 12.09 12.06 12.02 11.99 11.95 11.91 11.86 11.82 11.77 11.72 11.67 11.62 11.56 11.51 11.45 11.41 11.39 11.37 11.36 11.34 11.34 11.33 11.31 11.30 11.29 11.27 11.26 11.25 11.24 11.23 11.22 11.20 11.19
12.79 12.78 12.77 12.77 12.76 12.75 12.74 12.74 12.73 12.72 12.71 12.70 12.70 12.68 12.67 12.66 12.65 12.64 12.63 12.62 12.61 12.59 12.57 12.56 12.55 12.54 12.52 12.51 12.48 12.47 12.45 12.43 12.41 12.39 12.37 12.35 12.32 12.30 12.27 12.25 12.22 12.19 12.16 12.13 12.10 12.07 12.03 11.99 11.96 11.91 11.88 11.83 11.78 11.74 11.70 11.64 11.60 11.54 11.49 11.43 11.38 11.34 11.32 11.30 11.29 11.28 11.26 11.25 11.23 11.23 11.22 11.20 11.19 11.18 11.16 11.16 11.15
12.75 12.75 12.74 12.73 12.73 12.72 12.71 12.70 12.70 12.69 12.68 12.67 12.66 12.66 12.64 12.63 12.62 12.61 12.61 12.59 12.58 12.57 12.56 12.54 12.53 12.51 12.50 12.48 12.47 12.45 12.44 12.41 12.39 12.38 12.36 12.34 12.31 12.29 12.27 12.24 12.21 12.18 12.16 12.13 12.10 12.07 12.03 12.00 11.96 11.93 11.89 11.85 11.80 11.76 11.71 11.67 11.62 11.56 11.51 11.46 11.40 11.34 11.29 11.26 11.24 11.23 11.22 11.21 11.19 11.18 11.17 11.15 11.15 11.13 11.12 11.11 11.09
12.72 12.71 12.71 12.70 12.69 12.69 12.68 12.67 12.66 12.66 12.65 12.64 12.63 12.62 12.62 12.61 12.59 12.58 12.58 12.57 12.55 12.54 12.53 12.52 12.51 12.49 12.47 12.46 12.44 12.43 12.42 12.40 12.38 12.37 12.34 12.32 12.30 12.28 12.26 12.23 12.21 12.18 12.16 12.13 12.10 12.06 12.03 12.00 11.96 11.93 11.89 11.85 11.81 11.77 11.73 11.68 11.63 11.59 11.54 11.49 11.43 11.38 11.32 11.26 11.21 11.19 11.17 11.15 11.14 11.14 11.12 11.11 11.10 11.08 11.08 11.06 11.05
12.68 12.68 12.67 12.66 12.66 12.65 12.65 12.64 12.63 12.62 12.62 12.61 12.60 12.59 12.58 12.58 12.57 12.55 12.54 12.54 12.53 12.52 12.51 12.49 12.48 12.47 12.45 12.44 12.43 12.41 12.39 12.38 12.36 12.34 12.33 12.31 12.29 12.27 12.24 12.22 12.20 12.17 12.15 12.12 12.09 12.07 12.04 12.01 11.97 11.94 11.90 11.87 11.83 11.79 11.75 11.70 11.66 11.61 11.56 11.51 11.46 11.40 11.35 11.29 11.24 11.18 11.14 11.12 11.10 11.09 11.07 11.07 11.05 11.04 11.02 11.01 11.01
12.64 12.64 12.64 12.63 12.63 12.62 12.61 12.61 12.60 12.59 12.58 12.58 12.57 12.56 12.55 12.54 12.54 12.53 12.52 12.51 12.50 12.49 12.48 12.47 12.46 12.44 12.43 12.42 12.40 12.39 12.38 12.36 12.34 12.32 12.31 12.29 12.27 12.25 12.23 12.21 12.19 12.17 12.13 12.12 12.08 12.06 12.03 12.00 11.97 11.94 11.90 11.87 11.83 11.80 11.76 11.71 11.67 11.63 11.59 11.54 11.49 11.44 11.38 11.33 11.27 11.21 11.15 11.10 11.07 11.04 11.03 11.01 11.00 10.99 10.98 10.97 10.95
12.62 12.61 12.60 12.60 12.59 12.59 12.58 12.57 12.57 12.56 12.55 12.54 12.54 12.53 12.53 12.51 12.50 12.50 12.49 12.48 12.47 12.46 12.45 12.44 12.43 12.42 12.41 12.39 12.38 12.37 12.35 12.34 12.33 12.31 12.29 12.28 12.25 12.23 12.22 12.20 12.18 12.15 12.13 12.11 12.08 12.06 12.03 12.00 11.98 11.94 11.91 11.88 11.85 11.81 11.77 11.73 11.69 11.65 11.61 11.56 11.51 11.46 11.41 11.36 11.31 11.25 11.19 11.12 11.06 11.01 10.98 10.97 10.96 10.94 10.93 10.91 10.91
12.58 12.58 12.57 12.56 12.56 12.55 12.55 12.54 12.53 12.53 12.52 12.52 12.50 12.50 12.49 12.49 12.48 12.47 12.46 12.45 12.44 12.44 12.43 12.41 12.40 12.39 12.38 12.37 12.36 12.35 12.33 12.31 12.30 12.29 12.27 12.26 12.24 12.22 12.21 12.19 12.16 12.14 12.12 12.09 12.07 12.05 12.02 12.00 11.97 11.94 11.91 11.88 11.85 11.81 11.78 11.74 11.71 11.66 11.63 11.58 11.54 11.49 11.44 11.39 11.33 11.28 11.22 11.17 11.10 11.04 10.98 10.94 10.91 10.90 10.89 10.87 10.86
12.54 12.54 12.54 12.53 12.52 12.52 12.51 12.51 12.51 12.49 12.49 12.48 12.48 12.46 12.46 12.45 12.45 12.44 12.44 12.42 12.41 12.40 12.40 12.39 12.38 12.37 12.35 12.34 12.33 12.32 12.31 12.30 12.29 12.27 12.25 12.23 12.22 12.20 12.19 12.17 12.15 12.13 12.11 12.09 12.07 12.05 12.02 12.00 11.97 11.94 11.92 11.89 11.85 11.82 11.79 11.75 11.71 11.68 11.64 11.59 11.55 11.50 11.46 11.42 11.37 11.31 11.26 11.20 11.14 11.08 11.02 10.96 10.90 10.86 10.84 10.83 10.81
12.51 12.50 12.50 12.50 12.49 12.48 12.48 12.47 12.47 12.47 12.45 12.45 12.44 12.44 12.43 12.43 12.41 12.41 12.40 12.40 12.39 12.38 12.37 12.36 12.35 12.34 12.33 12.32 12.30 12.29 12.28 12.27 12.26 12.25 12.23 12.22 12.21 12.19 12.18 12.15 12.13 12.11 12.09 12.07 12.05 12.03 12.01 11.99 11.96 11.94 11.91 11.88 11.85 11.82 11.79 11.76 11.72 11.69 11.65 11.61 11.57 11.53 11.48 11.44 11.39 11.34 11.29 11.24 11.18 11.12 11.06 10.99 10.94 10.87 10.82 10.78 10.76
